-- Lista de CFrames (posições) para teletransporte
local positions = {
    CFrame.new(-458.901794, 132.215424, 318.187836, 1, 0, 0, 0, 1, 0, 0, 0, 1), CFrame.new(-458.86084, 129.384384, 313.727966, 1, 0, 0, 0, 1, 0, 0, 0, 1), CFrame.new(-458.701721, 130.388229, 322.584503, -1, 0, 0, 0, 1, 0, 0, 0, -1),
    CFrame.new(-504.460815, 128.470703, 257.097687, 0.966797471, -0.0152640929, 0.255087525, 0.00853132922, 0.999585986, 0.0274796132, -0.255401343, -0.0243909862, 0.966527402), CFrame.new(-345.138123, -70.3917007, 196.674866, 0.994564295, -0.00381149282, 0.104054734, -0.00411721366, -0.999987841, 0.00272344588, 0.104043089, -0.00313705765, -0.994567871), CFrame.new(-491.085815, 166.972488, 318.869232, -0.965934634, 4.43942845e-05, -0.258787513, 0.109412506, 0.906298161, -0.40823096, 0.234520525, -0.422638893, -0.875429749),
    CFrame.new(-583.219238, 163.139954, 541.801636, -0.493306398, 0.341286659, 0.800107658, 0.0563370138, 0.930420756, -0.362137228, -0.868029416, -0.133568913, -0.478209615), CFrame.new(-505.077454, 132.100433, 345.86676, -1, 0, 0, 0, 1, 0, 0, 0, -1), CFrame.new(-361.673615, -78.9073257, 199.883148, 0, 0, 1, 0, 1, -0, -1, 0, 0),
    CFrame.new(-719.317261, 227.806747, 469.452393, 1, 0, 0, 0, 1, 0, 0, 0, 1), CFrame.new(-654.418823, 126.028671, 296.768829, -1.2755394e-05, -0.819185972, -0.573527813, -0.999999881, 1.28746033e-05, 4.02331352e-06, 4.02331352e-06, 0.573527813, -0.819185972), CFrame.new(-503.776428, 120.95742, 217.206818, 0, 0, -1, -1, 0, 0, 0, 1, 0),
    CFrame.new(-361.655518, -94.0747299, 21.2119789, 0, 0, 1, 0, 1, -0, -1, 0, 0), CFrame.new(-327.692474, -94.0747375, -38.588028, 0, 0, 1, 0, 1, -0, -1, 0, 0), CFrame.new(-421.461456, 127.202408, 345.442749, 0, 0, 1, 0, 1, -0, -1, 0, 0),
    CFrame.new(-281.828461, 172.864441, 335.267792, 0, 0, 1, 0, 1, -0, -1, 0, 0), CFrame.new(-361.655518, -94.0747299, 21.2119789, 0, 0, 1, 0, 1, -0, -1, 0, 0), CFrame.new(-327.692474, -94.0747375, -38.588028, 0, 0, 1, 0, 1, -0, -1, 0, 0),
    CFrame.new(-327.29248, -94.0747375, -6.588027, 0, 0, -1, 0, 1, 0, 1, 0, 0), CFrame.new(-327.492493, -94.2747269, 48.6119881, 0, 0, 1, 0, 1, -0, -1, 0, 0), CFrame.new(-413.270782, 126.26442, 263.400848, 1, 0, 0, 0, 1, 0, 0, 0, 1),
    CFrame.new(-409.0289, -86.1145859, 130.312012, 0.422592998, 0, 0.906319618, 0, 1, 0, -0.906319618, 0, 0.422592998), CFrame.new(-706.649841, 149.170563, 275.920288, 0.819155693, 0, 0.573571265, 0, 1, 0, -0.573571265, 0, 0.819155693), CFrame.new(-441.940643, 125.664421, 291.722534, 0.90629667, -0, -0.422642082, 0, 1, -0, 0.422642082, 0, 0.90629667),
    CFrame.new(-460.219391, 124.864426, 231.187378, 0.642763317, -0, -0.766064942, 0, 1, -0, 0.766064942, 0, 0.642763317), CFrame.new(-327.492493, -94.2747421, 84.6119843, 0, 0, 1, 0, 1, -0, -1, 0, 0), CFrame.new(-312.804413, 173.950562, 233.978821, -2.24113464e-05, -0.25886941, -0.965912342, 1, -2.24113464e-05, -1.719594e-05, -1.719594e-05, -0.965912342, 0.25886941),
    CFrame.new(-266.137939, 125.664421, 309.335938, 0.707134247, -0, -0.707079291, 0, 1, -0, 0.707079291, 0, 0.707134247), CFrame.new(-453.803802, 141.455276, 287.355957, -0.789139867, -0.00669643329, -0.614177585, -0.00653315289, -0.999792814, 0.0192950945, -0.614179373, 0.0192390364, 0.788931966), CFrame.new(-327.492493, -94.2747269, 22.0119705, 0, 0, 1, 0, 1, -0, -1, 0, 0),
    CFrame.new(-672.054077, 122.954033, 448.73349, -0.984812617, 0, -0.173621148, 0, 1, 0, 0.173621148, 0, -0.984812617), CFrame.new(-327.29248, -94.0747375, -6.588027, 0, 0, -1, 0, 1, 0, 1, 0, 0), CFrame.new(-413.270782, 126.26442, 263.400848, 1, 0, 0, 0, 1, 0, 0, 0, 1),
    CFrame.new(-327.492493, -94.2747269, 22.0119705, 0, 0, 1, 0, 1, -0, -1, 0, 0), CFrame.new(-426.019592, 149.464417, 254.516922, 0.499959469, 0, 0.866048813, 0, 1, 0, -0.866048813, 0, 0.499959469), CFrame.new(-270.897461, -83.7238617, 319.941956, -0.707134247, 0, 0.707079291, 0, 1, 0, -0.707079291, 0, -0.707134247),
    CFrame.new(-407.17804, -94.2579269, -51.7582779, 0, 0, 1, 0, 1, -0, -1, 0, 0), CFrame.new(-361.692474, -94.0747375, -37.9880219, 0, 0, -1, 0, 1, 0, 1, 0, 0), CFrame.new(0.05000000074505806, 4.263999938964844, 4.1479997634887695)
}

-- Função para teletransportar o jogador para cada posição
local function teleportPlayer(player)
    local character = player.Character
    if not character then return end

    local humanoidRootPart = character:FindFirstChild("HumanoidRootPart")
    if not humanoidRootPart then return end

    for i, pos in ipairs(positions) do
        humanoidRootPart.CFrame = pos
        wait(1)  -- Espera 1 segundo antes de ir para a próxima posição
    end
end

-- Teletransporta todos os jogadores no servidor
for _, player in ipairs(game.Players:GetPlayers()) do
    teleportPlayer(player)
end
